{
  "nbformat": 4,
  "nbformat_minor": 0,
  "metadata": {
    "colab": {
      "provenance": [],
      "include_colab_link": true
    },
    "kernelspec": {
      "name": "python3",
      "display_name": "Python 3"
    },
    "language_info": {
      "name": "python"
    }
  },
  "cells": [
    {
      "cell_type": "markdown",
      "metadata": {
        "id": "view-in-github",
        "colab_type": "text"
      },
      "source": [
        "<a href=\"https://colab.research.google.com/github/agulhane090398/PythonViz/blob/main/NN_from_scratch.ipynb\" target=\"_parent\"><img src=\"https://colab.research.google.com/assets/colab-badge.svg\" alt=\"Open In Colab\"/></a>"
      ]
    },
    {
      "cell_type": "code",
      "execution_count": null,
      "metadata": {
        "colab": {
          "base_uri": "https://localhost:8080/",
          "height": 275
        },
        "id": "8XYiMsQuumWj",
        "outputId": "c3162092-3351-48fc-a35e-54ff71899126"
      },
      "outputs": [
        {
          "output_type": "stream",
          "name": "stdout",
          "text": [
            "Downloading...\n",
            "From: https://drive.google.com/uc?id=1dLOPwh01o3k8p_hK633ixhD1ehz6nNWk\n",
            "To: /content/spiral.csv\n",
            "\r  0% 0.00/12.9k [00:00<?, ?B/s]\r100% 12.9k/12.9k [00:00<00:00, 28.1MB/s]\n"
          ]
        },
        {
          "output_type": "execute_result",
          "data": {
            "text/plain": [
              "         x1        x2  y\n",
              "0  0.000000  0.000000  0\n",
              "1 -0.000650  0.010080  0\n",
              "2  0.009809  0.017661  0\n",
              "3  0.007487  0.029364  0\n",
              "4 -0.000027  0.040404  0"
            ],
            "text/html": [
              "\n",
              "  <div id=\"df-172393b2-0de4-4ada-b147-3aea00c7d4b5\" class=\"colab-df-container\">\n",
              "    <div>\n",
              "<style scoped>\n",
              "    .dataframe tbody tr th:only-of-type {\n",
              "        vertical-align: middle;\n",
              "    }\n",
              "\n",
              "    .dataframe tbody tr th {\n",
              "        vertical-align: top;\n",
              "    }\n",
              "\n",
              "    .dataframe thead th {\n",
              "        text-align: right;\n",
              "    }\n",
              "</style>\n",
              "<table border=\"1\" class=\"dataframe\">\n",
              "  <thead>\n",
              "    <tr style=\"text-align: right;\">\n",
              "      <th></th>\n",
              "      <th>x1</th>\n",
              "      <th>x2</th>\n",
              "      <th>y</th>\n",
              "    </tr>\n",
              "  </thead>\n",
              "  <tbody>\n",
              "    <tr>\n",
              "      <th>0</th>\n",
              "      <td>0.000000</td>\n",
              "      <td>0.000000</td>\n",
              "      <td>0</td>\n",
              "    </tr>\n",
              "    <tr>\n",
              "      <th>1</th>\n",
              "      <td>-0.000650</td>\n",
              "      <td>0.010080</td>\n",
              "      <td>0</td>\n",
              "    </tr>\n",
              "    <tr>\n",
              "      <th>2</th>\n",
              "      <td>0.009809</td>\n",
              "      <td>0.017661</td>\n",
              "      <td>0</td>\n",
              "    </tr>\n",
              "    <tr>\n",
              "      <th>3</th>\n",
              "      <td>0.007487</td>\n",
              "      <td>0.029364</td>\n",
              "      <td>0</td>\n",
              "    </tr>\n",
              "    <tr>\n",
              "      <th>4</th>\n",
              "      <td>-0.000027</td>\n",
              "      <td>0.040404</td>\n",
              "      <td>0</td>\n",
              "    </tr>\n",
              "  </tbody>\n",
              "</table>\n",
              "</div>\n",
              "    <div class=\"colab-df-buttons\">\n",
              "\n",
              "  <div class=\"colab-df-container\">\n",
              "    <button class=\"colab-df-convert\" onclick=\"convertToInteractive('df-172393b2-0de4-4ada-b147-3aea00c7d4b5')\"\n",
              "            title=\"Convert this dataframe to an interactive table.\"\n",
              "            style=\"display:none;\">\n",
              "\n",
              "  <svg xmlns=\"http://www.w3.org/2000/svg\" height=\"24px\" viewBox=\"0 -960 960 960\">\n",
              "    <path d=\"M120-120v-720h720v720H120Zm60-500h600v-160H180v160Zm220 220h160v-160H400v160Zm0 220h160v-160H400v160ZM180-400h160v-160H180v160Zm440 0h160v-160H620v160ZM180-180h160v-160H180v160Zm440 0h160v-160H620v160Z\"/>\n",
              "  </svg>\n",
              "    </button>\n",
              "\n",
              "  <style>\n",
              "    .colab-df-container {\n",
              "      display:flex;\n",
              "      gap: 12px;\n",
              "    }\n",
              "\n",
              "    .colab-df-convert {\n",
              "      background-color: #E8F0FE;\n",
              "      border: none;\n",
              "      border-radius: 50%;\n",
              "      cursor: pointer;\n",
              "      display: none;\n",
              "      fill: #1967D2;\n",
              "      height: 32px;\n",
              "      padding: 0 0 0 0;\n",
              "      width: 32px;\n",
              "    }\n",
              "\n",
              "    .colab-df-convert:hover {\n",
              "      background-color: #E2EBFA;\n",
              "      box-shadow: 0px 1px 2px rgba(60, 64, 67, 0.3), 0px 1px 3px 1px rgba(60, 64, 67, 0.15);\n",
              "      fill: #174EA6;\n",
              "    }\n",
              "\n",
              "    .colab-df-buttons div {\n",
              "      margin-bottom: 4px;\n",
              "    }\n",
              "\n",
              "    [theme=dark] .colab-df-convert {\n",
              "      background-color: #3B4455;\n",
              "      fill: #D2E3FC;\n",
              "    }\n",
              "\n",
              "    [theme=dark] .colab-df-convert:hover {\n",
              "      background-color: #434B5C;\n",
              "      box-shadow: 0px 1px 3px 1px rgba(0, 0, 0, 0.15);\n",
              "      filter: drop-shadow(0px 1px 2px rgba(0, 0, 0, 0.3));\n",
              "      fill: #FFFFFF;\n",
              "    }\n",
              "  </style>\n",
              "\n",
              "    <script>\n",
              "      const buttonEl =\n",
              "        document.querySelector('#df-172393b2-0de4-4ada-b147-3aea00c7d4b5 button.colab-df-convert');\n",
              "      buttonEl.style.display =\n",
              "        google.colab.kernel.accessAllowed ? 'block' : 'none';\n",
              "\n",
              "      async function convertToInteractive(key) {\n",
              "        const element = document.querySelector('#df-172393b2-0de4-4ada-b147-3aea00c7d4b5');\n",
              "        const dataTable =\n",
              "          await google.colab.kernel.invokeFunction('convertToInteractive',\n",
              "                                                    [key], {});\n",
              "        if (!dataTable) return;\n",
              "\n",
              "        const docLinkHtml = 'Like what you see? Visit the ' +\n",
              "          '<a target=\"_blank\" href=https://colab.research.google.com/notebooks/data_table.ipynb>data table notebook</a>'\n",
              "          + ' to learn more about interactive tables.';\n",
              "        element.innerHTML = '';\n",
              "        dataTable['output_type'] = 'display_data';\n",
              "        await google.colab.output.renderOutput(dataTable, element);\n",
              "        const docLink = document.createElement('div');\n",
              "        docLink.innerHTML = docLinkHtml;\n",
              "        element.appendChild(docLink);\n",
              "      }\n",
              "    </script>\n",
              "  </div>\n",
              "\n",
              "\n",
              "    </div>\n",
              "  </div>\n"
            ],
            "application/vnd.google.colaboratory.intrinsic+json": {
              "type": "dataframe",
              "variable_name": "df",
              "summary": "{\n  \"name\": \"df\",\n  \"rows\": 300,\n  \"fields\": [\n    {\n      \"column\": \"x1\",\n      \"properties\": {\n        \"dtype\": \"number\",\n        \"std\": 0.41654960510744843,\n        \"min\": -0.9179811969350636,\n        \"max\": 0.9766644406491988,\n        \"num_unique_values\": 298,\n        \"samples\": [\n          0.0350318773008942,\n          -0.5331784416678195,\n          -0.4097667283334345\n        ],\n        \"semantic_type\": \"\",\n        \"description\": \"\"\n      }\n    },\n    {\n      \"column\": \"x2\",\n      \"properties\": {\n        \"dtype\": \"number\",\n        \"std\": 0.40168624168752143,\n        \"min\": -0.8585153350667682,\n        \"max\": 0.9120723276999256,\n        \"num_unique_values\": 298,\n        \"samples\": [\n          0.605047292194027,\n          -0.400206438960095,\n          -0.3899468920523587\n        ],\n        \"semantic_type\": \"\",\n        \"description\": \"\"\n      }\n    },\n    {\n      \"column\": \"y\",\n      \"properties\": {\n        \"dtype\": \"number\",\n        \"std\": 0,\n        \"min\": 0,\n        \"max\": 2,\n        \"num_unique_values\": 3,\n        \"samples\": [\n          0,\n          1,\n          2\n        ],\n        \"semantic_type\": \"\",\n        \"description\": \"\"\n      }\n    }\n  ]\n}"
            }
          },
          "metadata": {},
          "execution_count": 1
        }
      ],
      "source": [
        "import pandas as pd\n",
        "import matplotlib.pyplot as plt\n",
        "import numpy as np\n",
        "\n",
        "# Download the dataset\n",
        "!gdown 1dLOPwh01o3k8p_hK633ixhD1ehz6nNWk\n",
        "\n",
        "# Load into a DataFrame\n",
        "df = pd.read_csv(\"/content/spiral.csv\")\n",
        "df.head()"
      ]
    },
    {
      "cell_type": "code",
      "source": [
        "# Separating feature and label columns\n",
        "X = df.iloc[:, :-1].to_numpy()\n",
        "y = df.iloc[:, -1].to_numpy()"
      ],
      "metadata": {
        "id": "ZTCxqAUbusPh"
      },
      "execution_count": null,
      "outputs": []
    },
    {
      "cell_type": "code",
      "source": [
        "#features\n",
        "# Get dimensions\n",
        "d = X.shape[1] # Number of features (Input size = 2)\n",
        "n = len(np.unique(y)) # Number of classes (Output size = 3)\n",
        "m = X.shape[0] # Number of samples (300)s"
      ],
      "metadata": {
        "id": "Ip48kPy2vJbk"
      },
      "execution_count": null,
      "outputs": []
    },
    {
      "cell_type": "code",
      "source": [
        "d, n, m"
      ],
      "metadata": {
        "colab": {
          "base_uri": "https://localhost:8080/"
        },
        "id": "oZ9WnMirvYY6",
        "outputId": "625535c1-4880-4f7b-c9ac-39ee528f2e7b"
      },
      "execution_count": null,
      "outputs": [
        {
          "output_type": "execute_result",
          "data": {
            "text/plain": [
              "(2, 3, 300)"
            ]
          },
          "metadata": {},
          "execution_count": 4
        }
      ]
    },
    {
      "cell_type": "code",
      "source": [
        "# Initialize parameters randomly\n",
        "W = 0.01 * np.random.randn(d, n)\n",
        "b = np.zeros((1, n))"
      ],
      "metadata": {
        "id": "80a6gcTEva3G"
      },
      "execution_count": null,
      "outputs": []
    },
    {
      "cell_type": "code",
      "source": [
        "# Compute scores for a linear classifier\n",
        "z = np.dot(X, W) + b\n",
        "print(z.shape)"
      ],
      "metadata": {
        "colab": {
          "base_uri": "https://localhost:8080/"
        },
        "id": "Xvar8fWJw7HG",
        "outputId": "1422a27e-3d0c-4433-f81d-5e420a486a97"
      },
      "execution_count": null,
      "outputs": [
        {
          "output_type": "stream",
          "name": "stdout",
          "text": [
            "(300, 3)\n"
          ]
        }
      ]
    },
    {
      "cell_type": "code",
      "source": [
        "exp_z = np.exp(z)\n",
        "probs = exp_z / np.sum(exp_z, axis=1, keepdims=True)"
      ],
      "metadata": {
        "id": "QDX6JjEjxAKP"
      },
      "execution_count": null,
      "outputs": []
    },
    {
      "cell_type": "code",
      "source": [
        "probs"
      ],
      "metadata": {
        "colab": {
          "base_uri": "https://localhost:8080/"
        },
        "id": "C1mhR60qxmQF",
        "outputId": "3097ffa1-424e-4134-842b-97053d5331ab"
      },
      "execution_count": null,
      "outputs": [
        {
          "output_type": "execute_result",
          "data": {
            "text/plain": [
              "array([[0.33333333, 0.33333333, 0.33333333],\n",
              "       [0.33332648, 0.33336102, 0.3333125 ],\n",
              "       [0.33333732, 0.33340483, 0.33325786],\n",
              "       [0.33332706, 0.33343369, 0.33323925],\n",
              "       [0.33330961, 0.33344975, 0.33324065],\n",
              "       [0.33331487, 0.3334929 , 0.33319223],\n",
              "       [0.33334705, 0.33354828, 0.33310467],\n",
              "       [0.33333063, 0.33357621, 0.33309316],\n",
              "       [0.33331025, 0.33359526, 0.33309448],\n",
              "       [0.33334221, 0.33365196, 0.33300583],\n",
              "       [0.3333217 , 0.33367519, 0.33300311],\n",
              "       [0.33332257, 0.33371082, 0.33296661],\n",
              "       [0.33332833, 0.33374954, 0.33292213],\n",
              "       [0.33330222, 0.33376498, 0.33293279],\n",
              "       [0.33334867, 0.33382968, 0.33282166],\n",
              "       [0.33339197, 0.33387365, 0.33273438],\n",
              "       [0.33339329, 0.33390966, 0.33269705],\n",
              "       [0.33343029, 0.33394126, 0.33262845],\n",
              "       [0.33339752, 0.33398162, 0.33262087],\n",
              "       [0.33347336, 0.33399881, 0.33252783],\n",
              "       [0.33349439, 0.3340247 , 0.33248091],\n",
              "       [0.33341338, 0.33408984, 0.33249678],\n",
              "       [0.33348052, 0.33411181, 0.33240767],\n",
              "       [0.33347006, 0.33415408, 0.33237586],\n",
              "       [0.33353293, 0.33415802, 0.33230905],\n",
              "       [0.3335023 , 0.33421713, 0.33228057],\n",
              "       [0.33352885, 0.33424148, 0.33222967],\n",
              "       [0.33357781, 0.33424339, 0.3321788 ],\n",
              "       [0.33365324, 0.3341897 , 0.33215706],\n",
              "       [0.33354181, 0.33435195, 0.33210624],\n",
              "       [0.33364537, 0.33429772, 0.33205691],\n",
              "       [0.33368457, 0.33428628, 0.33202916],\n",
              "       [0.33378446, 0.3340984 , 0.33211714],\n",
              "       [0.33380743, 0.33408796, 0.33210461],\n",
              "       [0.33377015, 0.33427301, 0.33195684],\n",
              "       [0.33380592, 0.33423846, 0.33195562],\n",
              "       [0.33389594, 0.33387552, 0.33222855],\n",
              "       [0.3338897 , 0.33405917, 0.33205113],\n",
              "       [0.3338778 , 0.33420759, 0.33191461],\n",
              "       [0.33389465, 0.33422021, 0.33188513],\n",
              "       [0.33386564, 0.33438974, 0.33174462],\n",
              "       [0.33398499, 0.33374219, 0.33227283],\n",
              "       [0.33399974, 0.33379897, 0.33220129],\n",
              "       [0.33398969, 0.33411399, 0.33189632],\n",
              "       [0.33402162, 0.33398715, 0.33199123],\n",
              "       [0.33401454, 0.33322661, 0.33275885],\n",
              "       [0.3340621 , 0.3335923 , 0.3323456 ],\n",
              "       [0.33407695, 0.33390654, 0.33201651],\n",
              "       [0.33409358, 0.33390059, 0.33200583],\n",
              "       [0.33411244, 0.33372402, 0.33216354],\n",
              "       [0.33406153, 0.33443183, 0.33150665],\n",
              "       [0.33413183, 0.33345877, 0.3324094 ],\n",
              "       [0.33415086, 0.33350761, 0.33234153],\n",
              "       [0.33416846, 0.3340391 , 0.33179244],\n",
              "       [0.33416851, 0.33335253, 0.33247896],\n",
              "       [0.33414957, 0.33309222, 0.3327582 ],\n",
              "       [0.33418444, 0.333225  , 0.33259056],\n",
              "       [0.33415013, 0.33292041, 0.33292946],\n",
              "       [0.33413553, 0.33277682, 0.33308765],\n",
              "       [0.33410312, 0.33258191, 0.33331497],\n",
              "       [0.33413204, 0.33262913, 0.33323882],\n",
              "       [0.33376794, 0.33167598, 0.33455608],\n",
              "       [0.33399055, 0.3320872 , 0.33392225],\n",
              "       [0.33413226, 0.33244916, 0.33341857],\n",
              "       [0.33408524, 0.33224598, 0.33366877],\n",
              "       [0.33414631, 0.3323829 , 0.33347079],\n",
              "       [0.33398801, 0.33189954, 0.33411245],\n",
              "       [0.33395516, 0.33178371, 0.33426114],\n",
              "       [0.33413237, 0.33217848, 0.33368915],\n",
              "       [0.33416428, 0.33222205, 0.33361367],\n",
              "       [0.33399815, 0.33174702, 0.33425483],\n",
              "       [0.33380978, 0.33135799, 0.33483223],\n",
              "       [0.3341066 , 0.33191198, 0.33398141],\n",
              "       [0.3342018 , 0.33212534, 0.33367287],\n",
              "       [0.33395213, 0.33148604, 0.33456183],\n",
              "       [0.33401057, 0.33156002, 0.33442942],\n",
              "       [0.33386202, 0.33124915, 0.33488883],\n",
              "       [0.33384951, 0.33119088, 0.33495961],\n",
              "       [0.33367761, 0.3309181 , 0.33540429],\n",
              "       [0.33375435, 0.33097835, 0.3352673 ],\n",
              "       [0.33369034, 0.33086108, 0.33544858],\n",
              "       [0.33397009, 0.33123719, 0.33479273],\n",
              "       [0.33356352, 0.33065392, 0.33578256],\n",
              "       [0.33313332, 0.33036393, 0.33650275],\n",
              "       [0.33305635, 0.33031521, 0.33662844],\n",
              "       [0.33384786, 0.33088587, 0.33526628],\n",
              "       [0.33310994, 0.3302532 , 0.33663686],\n",
              "       [0.33335827, 0.33032051, 0.33632123],\n",
              "       [0.33323923, 0.33022452, 0.33653625],\n",
              "       [0.33321167, 0.33017862, 0.33660972],\n",
              "       [0.33298492, 0.33009635, 0.33691872],\n",
              "       [0.33307023, 0.33006939, 0.33686038],\n",
              "       [0.33270049, 0.33008244, 0.33721708],\n",
              "       [0.33278654, 0.33001216, 0.33720129],\n",
              "       [0.33289438, 0.32995501, 0.33715061],\n",
              "       [0.33291333, 0.32991739, 0.33716927],\n",
              "       [0.33285805, 0.32988626, 0.33725569],\n",
              "       [0.33296753, 0.32984533, 0.33718714],\n",
              "       [0.33226159, 0.33023495, 0.33750346],\n",
              "       [0.33303352, 0.32978086, 0.33718563],\n",
              "       [0.33333333, 0.33333333, 0.33333333],\n",
              "       [0.33332398, 0.33329989, 0.33337613],\n",
              "       [0.33330768, 0.33327776, 0.33341456],\n",
              "       [0.33331327, 0.33322715, 0.33345958],\n",
              "       [0.33330533, 0.33319236, 0.33350231],\n",
              "       [0.33328639, 0.33316629, 0.33354732],\n",
              "       [0.33327256, 0.33313797, 0.33358947],\n",
              "       [0.33325381, 0.33311796, 0.33362823],\n",
              "       [0.33326518, 0.33305952, 0.3336753 ],\n",
              "       [0.33322522, 0.33306706, 0.33370772],\n",
              "       [0.33323839, 0.33300031, 0.33376131],\n",
              "       [0.33317343, 0.33308805, 0.33373852],\n",
              "       [0.33317165, 0.33302031, 0.33380804],\n",
              "       [0.3331662 , 0.33297269, 0.33386111],\n",
              "       [0.33313967, 0.33298371, 0.33387662],\n",
              "       [0.3331467 , 0.33290271, 0.33395058],\n",
              "       [0.33309882, 0.33298495, 0.33391623],\n",
              "       [0.33310585, 0.33288509, 0.33400906],\n",
              "       [0.33307523, 0.33291666, 0.33400811],\n",
              "       [0.33307854, 0.3328338 , 0.33408765],\n",
              "       [0.33303578, 0.33291928, 0.33404494],\n",
              "       [0.33300349, 0.33303186, 0.33396465],\n",
              "       [0.33298385, 0.33318037, 0.33383578],\n",
              "       [0.33298526, 0.33338668, 0.33362806],\n",
              "       [0.33296922, 0.33287674, 0.33415404],\n",
              "       [0.33298808, 0.33270626, 0.33430565],\n",
              "       [0.33292151, 0.3330166 , 0.33406189],\n",
              "       [0.33291515, 0.333315  , 0.33376985],\n",
              "       [0.33293404, 0.33267556, 0.33439039],\n",
              "       [0.33287403, 0.33297889, 0.33414708],\n",
              "       [0.33285618, 0.33309353, 0.33405029],\n",
              "       [0.33284137, 0.33313502, 0.33402361],\n",
              "       [0.33282662, 0.33315811, 0.33401527],\n",
              "       [0.33285123, 0.33352021, 0.33362855],\n",
              "       [0.33280226, 0.33326161, 0.33393613],\n",
              "       [0.33277872, 0.3331322 , 0.33408909],\n",
              "       [0.33280304, 0.33351172, 0.33368525],\n",
              "       [0.33282037, 0.33368077, 0.33349886],\n",
              "       [0.33277632, 0.33353762, 0.33368607],\n",
              "       [0.33278376, 0.33365848, 0.33355777],\n",
              "       [0.33271561, 0.33332296, 0.33396143],\n",
              "       [0.33273499, 0.33356873, 0.33369628],\n",
              "       [0.33284113, 0.33405177, 0.33310711],\n",
              "       [0.33273165, 0.33371173, 0.33355661],\n",
              "       [0.33281898, 0.33408981, 0.33309121],\n",
              "       [0.33267657, 0.33359125, 0.33373219],\n",
              "       [0.33274394, 0.33395716, 0.3332989 ],\n",
              "       [0.33298017, 0.33458621, 0.33243361],\n",
              "       [0.33290224, 0.33447929, 0.33261847],\n",
              "       [0.33285096, 0.33441102, 0.33273802],\n",
              "       [0.33289181, 0.33454258, 0.33256561],\n",
              "       [0.33288649, 0.33457392, 0.33253959],\n",
              "       [0.33279935, 0.33442502, 0.33277563],\n",
              "       [0.33284978, 0.33458319, 0.33256703],\n",
              "       [0.33299469, 0.33488195, 0.33212336],\n",
              "       [0.33290741, 0.33477774, 0.33231486],\n",
              "       [0.3332138 , 0.33520899, 0.33157722],\n",
              "       [0.33302835, 0.33504283, 0.33192882],\n",
              "       [0.33335468, 0.33537364, 0.33127168],\n",
              "       [0.33306687, 0.33516571, 0.33176742],\n",
              "       [0.33302731, 0.33515294, 0.33181975],\n",
              "       [0.33319044, 0.33536596, 0.3314436 ],\n",
              "       [0.33314291, 0.33535727, 0.33149983],\n",
              "       [0.33319701, 0.33544254, 0.33136044],\n",
              "       [0.33339677, 0.33560317, 0.33100005],\n",
              "       [0.33320619, 0.33552101, 0.33127279],\n",
              "       [0.33364508, 0.33570796, 0.33064696],\n",
              "       [0.33335864, 0.33569129, 0.33095007],\n",
              "       [0.33309504, 0.33552381, 0.33138115],\n",
              "       [0.33386683, 0.33573173, 0.33040145],\n",
              "       [0.33318657, 0.33568163, 0.3311318 ],\n",
              "       [0.33326896, 0.33577927, 0.33095177],\n",
              "       [0.33392771, 0.33580774, 0.33026455],\n",
              "       [0.33350488, 0.33595378, 0.33054134],\n",
              "       [0.33354548, 0.33599641, 0.33045811],\n",
              "       [0.33367886, 0.33603313, 0.33028801],\n",
              "       [0.3335768 , 0.33607133, 0.33035187],\n",
              "       [0.33397865, 0.33597131, 0.33005004],\n",
              "       [0.33380524, 0.3361132 , 0.33008157],\n",
              "       [0.33364169, 0.33618137, 0.33017694],\n",
              "       [0.33393354, 0.33612569, 0.32994077],\n",
              "       [0.33386748, 0.33620151, 0.32993101],\n",
              "       [0.33419563, 0.33594887, 0.3298555 ],\n",
              "       [0.33431603, 0.3357991 , 0.32988487],\n",
              "       [0.33424831, 0.33596571, 0.32978598],\n",
              "       [0.33416338, 0.33612667, 0.32970994],\n",
              "       [0.33438973, 0.33581003, 0.32980024],\n",
              "       [0.33387617, 0.33642736, 0.32969647],\n",
              "       [0.33440688, 0.33588293, 0.32971019],\n",
              "       [0.33446729, 0.33580303, 0.32972968],\n",
              "       [0.33457981, 0.33554676, 0.32987344],\n",
              "       [0.33456625, 0.33565883, 0.32977493],\n",
              "       [0.33437504, 0.33615075, 0.3294742 ],\n",
              "       [0.3342132 , 0.33642086, 0.32936595],\n",
              "       [0.33449159, 0.33603078, 0.32947763],\n",
              "       [0.33450624, 0.33605417, 0.32943959],\n",
              "       [0.33471146, 0.33551284, 0.3297757 ],\n",
              "       [0.33480199, 0.33515397, 0.33004404],\n",
              "       [0.33485923, 0.33484384, 0.33029693],\n",
              "       [0.33489991, 0.33384293, 0.33125716],\n",
              "       [0.33333333, 0.33333333, 0.33333333],\n",
              "       [0.3333489 , 0.33334922, 0.33330188],\n",
              "       [0.33336391, 0.33336965, 0.33326645],\n",
              "       [0.33337721, 0.33339887, 0.33322391],\n",
              "       [0.3333966 , 0.33335347, 0.33324994],\n",
              "       [0.33341121, 0.3333411 , 0.33324769],\n",
              "       [0.33342868, 0.33337694, 0.33319437],\n",
              "       [0.33344364, 0.33336116, 0.3331952 ],\n",
              "       [0.33345826, 0.33334936, 0.33319239],\n",
              "       [0.33346804, 0.33330167, 0.33323029],\n",
              "       [0.3334853 , 0.33331448, 0.33320022],\n",
              "       [0.33350544, 0.33335942, 0.33313514],\n",
              "       [0.33352233, 0.3333793 , 0.33309836],\n",
              "       [0.33353934, 0.33340805, 0.33305261],\n",
              "       [0.33353421, 0.33323377, 0.33323201],\n",
              "       [0.33355834, 0.33328382, 0.33315783],\n",
              "       [0.33355497, 0.33318173, 0.3332633 ],\n",
              "       [0.33359302, 0.33331165, 0.33309533],\n",
              "       [0.3336036 , 0.3332756 , 0.3331208 ],\n",
              "       [0.3336014 , 0.33317563, 0.33322297],\n",
              "       [0.33360616, 0.33312556, 0.33326828],\n",
              "       [0.3336609 , 0.33337093, 0.33296817],\n",
              "       [0.33365326, 0.33319934, 0.3331474 ],\n",
              "       [0.33363323, 0.33303991, 0.33332686],\n",
              "       [0.33366603, 0.33310688, 0.33322709],\n",
              "       [0.3336095 , 0.33285913, 0.33353136],\n",
              "       [0.33361338, 0.33282142, 0.3335652 ],\n",
              "       [0.3335597 , 0.33265896, 0.33378134],\n",
              "       [0.33369957, 0.33298034, 0.33332009],\n",
              "       [0.33372261, 0.33300607, 0.33327132],\n",
              "       [0.33356237, 0.33254299, 0.33389464],\n",
              "       [0.33370857, 0.33283982, 0.33345161],\n",
              "       [0.33352423, 0.33240535, 0.33407042],\n",
              "       [0.3334705 , 0.33229924, 0.33423025],\n",
              "       [0.33334427, 0.33215421, 0.33450152],\n",
              "       [0.33339625, 0.33215606, 0.3344477 ],\n",
              "       [0.3337552 , 0.33271823, 0.33352657],\n",
              "       [0.3332801 , 0.33201876, 0.33470114],\n",
              "       [0.33363716, 0.33235714, 0.3340057 ],\n",
              "       [0.3333363 , 0.33197543, 0.33468827],\n",
              "       [0.33343461, 0.33201344, 0.33455196],\n",
              "       [0.33358505, 0.33215527, 0.33425968],\n",
              "       [0.3333458 , 0.33187659, 0.33477761],\n",
              "       [0.33324733, 0.331798  , 0.33495467],\n",
              "       [0.33340136, 0.33184516, 0.33475348],\n",
              "       [0.3333908 , 0.33180226, 0.33480693],\n",
              "       [0.33322723, 0.33168727, 0.3350855 ],\n",
              "       [0.33321073, 0.33164836, 0.33514091],\n",
              "       [0.33318121, 0.3316082 , 0.33521059],\n",
              "       [0.33323214, 0.33158314, 0.33518472],\n",
              "       [0.33295329, 0.33158709, 0.33545962],\n",
              "       [0.33296234, 0.33154235, 0.33549531],\n",
              "       [0.33281246, 0.33162936, 0.33555818],\n",
              "       [0.33291486, 0.33149236, 0.33559277],\n",
              "       [0.33306076, 0.33139459, 0.33554465],\n",
              "       [0.33290326, 0.33142   , 0.33567674],\n",
              "       [0.33295821, 0.33135056, 0.33569123],\n",
              "       [0.3330356 , 0.33128868, 0.33567573],\n",
              "       [0.3327853 , 0.33139535, 0.33581936],\n",
              "       [0.33257667, 0.33168473, 0.3357386 ],\n",
              "       [0.33278784, 0.33130703, 0.33590513],\n",
              "       [0.33257832, 0.33156659, 0.33585509],\n",
              "       [0.33270008, 0.33131574, 0.33598418],\n",
              "       [0.3325175 , 0.33159157, 0.33589093],\n",
              "       [0.33248644, 0.33161079, 0.33590278],\n",
              "       [0.33281084, 0.3310814 , 0.33610776],\n",
              "       [0.33278217, 0.33106196, 0.33615587],\n",
              "       [0.33291121, 0.33095007, 0.33613872],\n",
              "       [0.33243592, 0.33149585, 0.33606822],\n",
              "       [0.33244405, 0.33141407, 0.33614188],\n",
              "       [0.33261659, 0.33105676, 0.33632664],\n",
              "       [0.33224543, 0.33204288, 0.33571169],\n",
              "       [0.33243784, 0.33125534, 0.33630682],\n",
              "       [0.33218249, 0.33232807, 0.33548945],\n",
              "       [0.33233128, 0.33140423, 0.3362645 ],\n",
              "       [0.33239665, 0.33117666, 0.33642669],\n",
              "       [0.33214159, 0.3321991 , 0.33565931],\n",
              "       [0.33212591, 0.33218382, 0.33569027],\n",
              "       [0.33209665, 0.3328667 , 0.33503665],\n",
              "       [0.33214013, 0.33178107, 0.3360788 ],\n",
              "       [0.33206651, 0.33232935, 0.33560414],\n",
              "       [0.33204464, 0.33252067, 0.33543469],\n",
              "       [0.33206558, 0.3332939 , 0.33464052],\n",
              "       [0.33203937, 0.33200886, 0.33595177],\n",
              "       [0.33203354, 0.33190206, 0.3360644 ],\n",
              "       [0.33203398, 0.33342297, 0.33454305],\n",
              "       [0.33199459, 0.33319797, 0.33480743],\n",
              "       [0.33196134, 0.33296233, 0.33507632],\n",
              "       [0.33199374, 0.33347074, 0.33453552],\n",
              "       [0.33195811, 0.33329692, 0.33474498],\n",
              "       [0.33192381, 0.33309084, 0.33498535],\n",
              "       [0.33195906, 0.33154017, 0.33650077],\n",
              "       [0.33186907, 0.33252926, 0.33560167],\n",
              "       [0.33190305, 0.3333568 , 0.33474015],\n",
              "       [0.3324111 , 0.33541161, 0.33217728],\n",
              "       [0.33183851, 0.33298018, 0.33518131],\n",
              "       [0.33187571, 0.33351124, 0.33461305],\n",
              "       [0.33197217, 0.33416503, 0.3338628 ],\n",
              "       [0.33201542, 0.3344241 , 0.33356048],\n",
              "       [0.33212213, 0.33486994, 0.33300793]])"
            ]
          },
          "metadata": {},
          "execution_count": 8
        }
      ]
    },
    {
      "cell_type": "code",
      "source": [
        "def loss(y, probs):\n",
        "    m = y.shape[0]\n",
        "    # Advanced Indexing\n",
        "    correct_logprobs = -np.log(probs[range(m), y])\n",
        "    return np.sum(correct_logprobs)/m\n",
        "\n",
        "loss(y, probs)"
      ],
      "metadata": {
        "colab": {
          "base_uri": "https://localhost:8080/"
        },
        "id": "1LHznf1gxngS",
        "outputId": "d3f3d098-dcd7-4960-c833-167cd5cdfe5d"
      },
      "execution_count": null,
      "outputs": [
        {
          "output_type": "execute_result",
          "data": {
            "text/plain": [
              "np.float64(1.0959560340433343)"
            ]
          },
          "metadata": {},
          "execution_count": 9
        }
      ]
    },
    {
      "cell_type": "code",
      "source": [
        "# dZ calculation\n",
        "dz = probs.copy() # Start with probabilities\n",
        "dz[range(m), y] -= 1 # Subtract 1 from the correct class column\n",
        "dz = dz / m # Normalize by number of samples"
      ],
      "metadata": {
        "id": "I9QPgAJc0OG8"
      },
      "execution_count": null,
      "outputs": []
    },
    {
      "cell_type": "code",
      "source": [
        "dz"
      ],
      "metadata": {
        "colab": {
          "base_uri": "https://localhost:8080/"
        },
        "id": "hN44YELp1-YW",
        "outputId": "e4cb3466-bef9-4f20-9bac-87248633d9bd"
      },
      "execution_count": null,
      "outputs": [
        {
          "output_type": "execute_result",
          "data": {
            "text/plain": [
              "array([[-0.00222222,  0.00111111,  0.00111111],\n",
              "       [-0.00222225,  0.0011112 ,  0.00111104],\n",
              "       [-0.00222221,  0.00111135,  0.00111086],\n",
              "       [-0.00222224,  0.00111145,  0.0011108 ],\n",
              "       [-0.0022223 ,  0.0011115 ,  0.0011108 ],\n",
              "       [-0.00222228,  0.00111164,  0.00111064],\n",
              "       [-0.00222218,  0.00111183,  0.00111035],\n",
              "       [-0.00222223,  0.00111192,  0.00111031],\n",
              "       [-0.0022223 ,  0.00111198,  0.00111031],\n",
              "       [-0.00222219,  0.00111217,  0.00111002],\n",
              "       [-0.00222226,  0.00111225,  0.00111001],\n",
              "       [-0.00222226,  0.00111237,  0.00110989],\n",
              "       [-0.00222224,  0.0011125 ,  0.00110974],\n",
              "       [-0.00222233,  0.00111255,  0.00110978],\n",
              "       [-0.00222217,  0.00111277,  0.00110941],\n",
              "       [-0.00222203,  0.00111291,  0.00110911],\n",
              "       [-0.00222202,  0.00111303,  0.00110899],\n",
              "       [-0.0022219 ,  0.00111314,  0.00110876],\n",
              "       [-0.00222201,  0.00111327,  0.00110874],\n",
              "       [-0.00222176,  0.00111333,  0.00110843],\n",
              "       [-0.00222169,  0.00111342,  0.00110827],\n",
              "       [-0.00222196,  0.00111363,  0.00110832],\n",
              "       [-0.00222173,  0.00111371,  0.00110803],\n",
              "       [-0.00222177,  0.00111385,  0.00110792],\n",
              "       [-0.00222156,  0.00111386,  0.0011077 ],\n",
              "       [-0.00222166,  0.00111406,  0.0011076 ],\n",
              "       [-0.00222157,  0.00111414,  0.00110743],\n",
              "       [-0.00222141,  0.00111414,  0.00110726],\n",
              "       [-0.00222116,  0.00111397,  0.00110719],\n",
              "       [-0.00222153,  0.00111451,  0.00110702],\n",
              "       [-0.00222118,  0.00111433,  0.00110686],\n",
              "       [-0.00222105,  0.00111429,  0.00110676],\n",
              "       [-0.00222072,  0.00111366,  0.00110706],\n",
              "       [-0.00222064,  0.00111363,  0.00110702],\n",
              "       [-0.00222077,  0.00111424,  0.00110652],\n",
              "       [-0.00222065,  0.00111413,  0.00110652],\n",
              "       [-0.00222035,  0.00111292,  0.00110743],\n",
              "       [-0.00222037,  0.00111353,  0.00110684],\n",
              "       [-0.00222041,  0.00111403,  0.00110638],\n",
              "       [-0.00222035,  0.00111407,  0.00110628],\n",
              "       [-0.00222045,  0.00111463,  0.00110582],\n",
              "       [-0.00222005,  0.00111247,  0.00110758],\n",
              "       [-0.00222   ,  0.00111266,  0.00110734],\n",
              "       [-0.00222003,  0.00111371,  0.00110632],\n",
              "       [-0.00221993,  0.00111329,  0.00110664],\n",
              "       [-0.00221995,  0.00111076,  0.0011092 ],\n",
              "       [-0.00221979,  0.00111197,  0.00110782],\n",
              "       [-0.00221974,  0.00111302,  0.00110672],\n",
              "       [-0.00221969,  0.001113  ,  0.00110669],\n",
              "       [-0.00221963,  0.00111241,  0.00110721],\n",
              "       [-0.00221979,  0.00111477,  0.00110502],\n",
              "       [-0.00221956,  0.00111153,  0.00110803],\n",
              "       [-0.0022195 ,  0.00111169,  0.00110781],\n",
              "       [-0.00221944,  0.00111346,  0.00110597],\n",
              "       [-0.00221944,  0.00111118,  0.00110826],\n",
              "       [-0.0022195 ,  0.00111031,  0.00110919],\n",
              "       [-0.00221939,  0.00111075,  0.00110864],\n",
              "       [-0.0022195 ,  0.00110973,  0.00110976],\n",
              "       [-0.00221955,  0.00110926,  0.00111029],\n",
              "       [-0.00221966,  0.00110861,  0.00111105],\n",
              "       [-0.00221956,  0.00110876,  0.0011108 ],\n",
              "       [-0.00222077,  0.00110559,  0.00111519],\n",
              "       [-0.00222003,  0.00110696,  0.00111307],\n",
              "       [-0.00221956,  0.00110816,  0.0011114 ],\n",
              "       [-0.00221972,  0.00110749,  0.00111223],\n",
              "       [-0.00221951,  0.00110794,  0.00111157],\n",
              "       [-0.00222004,  0.00110633,  0.00111371],\n",
              "       [-0.00222015,  0.00110595,  0.0011142 ],\n",
              "       [-0.00221956,  0.00110726,  0.0011123 ],\n",
              "       [-0.00221945,  0.00110741,  0.00111205],\n",
              "       [-0.00222001,  0.00110582,  0.00111418],\n",
              "       [-0.00222063,  0.00110453,  0.00111611],\n",
              "       [-0.00221964,  0.00110637,  0.00111327],\n",
              "       [-0.00221933,  0.00110708,  0.00111224],\n",
              "       [-0.00222016,  0.00110495,  0.00111521],\n",
              "       [-0.00221996,  0.0011052 ,  0.00111476],\n",
              "       [-0.00222046,  0.00110416,  0.0011163 ],\n",
              "       [-0.0022205 ,  0.00110397,  0.00111653],\n",
              "       [-0.00222107,  0.00110306,  0.00111801],\n",
              "       [-0.00222082,  0.00110326,  0.00111756],\n",
              "       [-0.00222103,  0.00110287,  0.00111816],\n",
              "       [-0.0022201 ,  0.00110412,  0.00111598],\n",
              "       [-0.00222145,  0.00110218,  0.00111928],\n",
              "       [-0.00222289,  0.00110121,  0.00112168],\n",
              "       [-0.00222315,  0.00110105,  0.00112209],\n",
              "       [-0.00222051,  0.00110295,  0.00111755],\n",
              "       [-0.00222297,  0.00110084,  0.00112212],\n",
              "       [-0.00222214,  0.00110107,  0.00112107],\n",
              "       [-0.00222254,  0.00110075,  0.00112179],\n",
              "       [-0.00222263,  0.0011006 ,  0.00112203],\n",
